========= Summary =========
date_time=Tue Jun 20 07:42:26 2023
code_version=v1.0-13-gbcdda11
solve_time=5649.99
time_steps=312624
step_rejections=46742
min_time_step=0.000177383
max_time_step=1.50589e+06
dofs_domain=273390
dofs_fault=11312
mesh_size=62.7003
===========================
