========= Summary =========
date_time=Wed Jun 21 21:16:52 2023
code_version=v1.0-3-gf08abeb
solve_time=574.105
time_steps=209906
step_rejections=10317
min_time_step=0.000807285
max_time_step=1.13786e+06
dofs_domain=132972
dofs_fault=2940
mesh_size=54.6734
===========================
